Luz encendida: 

#define RAW_DATA_LEN 24
uint16_t rawData[RAW_DATA_LEN]={

1242, 442, 1246, 442, 402, 1286, 398, 1286, 
402, 1286, 402, 1286, 402, 1286, 378, 1306, 
1246, 442, 402, 1286, 378, 1310, 378, 1000};

Luz apagada:

#define RAW_DATA_LEN 24
uint16_t rawData[RAW_DATA_LEN]={

1246, 442, 1246, 438, 402, 1286, 402, 1286, 
378, 1310, 398, 1286, 1246, 442, 378, 1310, 
402, 1286, 402, 1282, 402, 1286, 402, 1000};

Potencia 0: 

#define RAW_DATA_LEN 24
uint16_t rawData[RAW_DATA_LEN]={

1222, 466, 1218, 470, 374, 1310, 378, 1310, 
374, 1314, 374, 1314, 378, 1310, 1218, 466, 
378, 1310, 374, 1314, 374, 1314, 374, 1000};


Potencia 1: 

#define RAW_DATA_LEN 100
uint16_t rawData[RAW_DATA_LEN]={

1246, 442, 1242, 442, 402, 1286, 378, 1310, 
402, 1286, 398, 1286, 402, 1286, 402, 1286, 
402, 1286, 398, 1286, 402, 1286, 1246, 7190, 
1246, 442, 1246, 438, 406, 1282, 402, 1286, 
402, 1286, 378, 1310, 398, 1286, 402, 1286, 
402, 1286, 398, 1290, 374, 1310, 1222, 7214, 
1222, 466, 1222, 466, 378, 1306, 378, 1310, 
378, 1310, 382, 1306, 406, 1278, 434, 1254, 
402, 1286, 374, 1314, 326, 1362, 1194, 7238, 
1258, 462, 1226, 462, 382, 1274, 410, 1278, 
410, 1274, 410, 1278, 410, 1278, 406, 1282, 
406, 1282, 406, 1278, 406, 1282, 1246, 7190, 
1222, 462, 1222, 1000};

Potencia 2: 

#define RAW_DATA_LEN 24
uint16_t rawData[RAW_DATA_LEN]={

1246, 442, 1242, 442, 402, 1286, 402, 1286, 
402, 1286, 398, 1286, 402, 1286, 386, 1302, 
398, 1290, 1246, 438, 402, 1286, 402, 1000};

Potencia 3: 


#define RAW_DATA_LEN 100
uint16_t rawData[RAW_DATA_LEN]={

1242, 442, 1246, 442, 398, 1286, 402, 1286, 
402, 1286, 1246, 442, 398, 1290, 398, 1286, 
402, 1286, 402, 1286, 1242, 446, 1242, 7194, 
1242, 442, 1246, 442, 398, 1290, 398, 1286, 
402, 1286, 1246, 442, 402, 1286, 378, 1306, 
406, 1282, 402, 1286, 1222, 466, 1242, 7194, 
1222, 462, 1222, 466, 378, 1310, 378, 1310, 
378, 1306, 1222, 466, 382, 1306, 382, 1306, 
406, 1278, 406, 1282, 1250, 470, 1190, 7214, 
1218, 498, 1166, 522, 322, 1338, 350, 1334, 
382, 1306, 1222, 494, 354, 1302, 410, 1278, 
410, 1278, 406, 1282, 1250, 466, 1222, 7182, 
1250, 442, 1222, 1000};